1	0.737361725409783	0.262638274590217
1	0.0763010908307885	0.923698909169211
1	0.269302131941383	0.730697868058617
1	0.2472325427619	0.752767457238099
1	0.309904503817397	0.690095496182604
1	0.0959092748086488	0.904090725191351
1	0.429044421195548	0.570955578804452
1	0.100495959307518	0.899504040692482
1	0.175764907281533	0.824235092718467
1	0.298396478715978	0.701603521284022
1	0.120360133128089	0.879639866871911
1	0.283078176259623	0.716921823740377
1	0.266929063067184	0.733070936932816
1	0.285300094758997	0.714699905241003
1	0.127654929265179	0.872345070734821
1	0.456552484046016	0.543447515953984
1	0.280120848186488	0.719879151813512
1	0.367816778003011	0.632183221996989
1	0.257505659880306	0.742494340119694
1	0.1854977397829	0.8145022602171
1	0.144687302368391	0.85531269763161
1	0.481353743697821	0.518646256302179
1	0.475599366956879	0.524400633043121
1	0.073774346343668	0.926225653656332
1	0.106981896180149	0.893018103819851
1	0.700995909537545	0.299004090462455
1	0.313742749883127	0.686257250116873
1	0.107016474187865	0.892983525812135
1	0.143724075773528	0.856275924226472
1	0.565510304934342	0.434489695065658
1	0.242280253711005	0.757719746288995
1	0.180099474892138	0.819900525107862
1	0.0969770646520669	0.903022935347933
1	0.424581027685456	0.575418972314544
1	0.237149497426028	0.762850502573972
1	0.278579012164405	0.721420987835595
1	0.608813224673584	0.391186775326416
1	0.100606208602437	0.899393791397563
1	0.132828072184814	0.867171927815186
1	0.097764064706731	0.902235935293269
1	0.082393444254364	0.917606555745636
1	0.628592378447804	0.371407621552196
1	0.280181946747829	0.719818053252171
1	0.177460375204195	0.822539624795805
1	0.301823843551143	0.698176156448857
1	0.32485702411093	0.67514297588907
1	0.053563920233068	0.946436079766932
1	0.249681423151531	0.750318576848469
1	0.667308433890243	0.332691566109757
1	0.686976977342202	0.313023022657798
1	0.111838592798873	0.888161407201127
1	0.375785069752851	0.624214930247149
1	0.705129089281118	0.294870910718882
1	0.735183997608477	0.264816002391523
1	0.109186014538709	0.890813985461291
1	0.543927336492868	0.456072663507132
1	0.148903352994339	0.851096647005661
1	0.142222760482005	0.857777239517995
1	0.217010231093456	0.782989768906544
1	0.116267667134812	0.883732332865189
1	0.0645600744709868	0.935439925529013
1	0.319003039743396	0.680996960256604
1	0.216377257099629	0.783622742900371
1	0.309340476959851	0.690659523040149
1	0.375190623276395	0.624809376723605
1	0.401644194116436	0.598355805883563
1	0.0779387011832231	0.922061298816777
1	0.179398784136013	0.820601215863987
1	0.0750153584186872	0.924984641581313
1	0.825828004203275	0.174171995796726
1	0.0866835309268753	0.913316469073125
1	0.105541307258379	0.894458692741621
1	0.283855963264627	0.716144036735373
1	0.10079134972917	0.89920865027083
1	0.440028164923753	0.559971835076247
1	0.259695260979875	0.740304739020125
1	0.834306441947864	0.165693558052136
1	0.239113136059974	0.760886863940026
1	0.730599710956172	0.269400289043827
1	0.633621050511862	0.366378949488138
1	0.2944187482824	0.7055812517176
1	0.0768933725663453	0.923106627433655
1	0.595138069175728	0.404861930824272
1	0.0538203240628156	0.946179675937184
1	0.126063978281452	0.873936021718548
1	0.166510412789291	0.833489587210709
1	0.229651603124055	0.770348396875945
1	0.1433247013453	0.8566752986547
1	0.147867754032483	0.852132245967516
1	0.0926989170785273	0.907301082921473
1	0.800934825443644	0.199065174556356
1	0.219423910770352	0.780576089229648
1	0.183290530480274	0.816709469519726
1	0.356193841276072	0.643806158723928
1	0.078952552086655	0.921047447913345
1	0.267107855581245	0.732892144418755
1	0.0860720867743216	0.913927913225679
1	0.383302167451713	0.616697832548287
1	0.226943219842541	0.773056780157459
1	0.844937584326679	0.155062415673322
1	0.231935757570571	0.768064242429429
1	0.283421370801779	0.716578629198221
1	0.234057165740027	0.765942834259973
1	0.239314578932653	0.760685421067347
1	0.250906740646023	0.749093259353977
1	0.182945900705554	0.817054099294446
1	0.804753861037953	0.195246138962047
1	0.131308790524345	0.868691209475655
1	0.286185457376989	0.713814542623011
1	0.103233629488444	0.896766370511556
1	0.22823959918965	0.77176040081035
1	0.19551022548831	0.80448977451169
1	0.310737803872201	0.689262196127799
1	0.42752246784318	0.572477532156819
1	0.270125002430137	0.729874997569864
1	0.158737197779553	0.841262802220447
1	0.48755832744866	0.51244167255134
1	0.506259525034858	0.493740474965142
1	0.941566868710779	0.0584331312892206
1	0.132538610544493	0.867461389455507
1	0.210111907533348	0.789888092466652
1	0.189930947174129	0.810069052825871
1	0.129469510475263	0.870530489524737
1	0.235328385905083	0.764671614094917
1	0.664825149660437	0.335174850339563
1	0.191292395046738	0.808707604953262
1	0.738725410555035	0.261274589444965
1	0.106021659939918	0.893978340060082
1	0.134024536293435	0.865975463706565
1	0.378091497780633	0.621908502219367
1	0.426422955337842	0.573577044662158
1	0.237549064193317	0.762450935806683
1	0.161981654041125	0.838018345958875
1	0.435208193319407	0.564791806680593
1	0.248830568904262	0.751169431095738
1	0.276801575777488	0.723198424222512
1	0.364391482547495	0.635608517452505
1	0.247298294297755	0.752701705702245
1	0.0609558465705786	0.939044153429421
1	0.302742825754026	0.697257174245974
1	0.231980630705805	0.768019369294195
1	0.272598472002171	0.727401527997829
1	0.0968689730157183	0.903131026984282
1	0.137958417073465	0.862041582926535
1	0.140664705120683	0.859335294879317
1	0.47598856516122	0.52401143483878
1	0.195988268372082	0.804011731627918
1	0.256445332442378	0.743554667557622
1	0.130544106585375	0.869455893414625
1	0.677398850433845	0.322601149566155
1	0.156971132341199	0.843028867658801
1	0.331574000524341	0.668425999475659
1	0.190611616189383	0.809388383810617
1	0.149628840753299	0.850371159246701
1	0.421226001910767	0.578773998089233
1	0.428672585215941	0.571327414784059
1	0.0999912643957495	0.90000873560425
1	0.345964343891435	0.654035656108565
1	0.324139826493663	0.675860173506337
1	0.247358450862047	0.752641549137953
1	0.194347708034768	0.805652291965232
1	0.437131569161451	0.562868430838549
1	0.3077132563641	0.6922867436359
1	0.130247542253393	0.869752457746607
1	0.237819028149767	0.762180971850233
1	0.520688894241796	0.479311105758204
1	0.22227928289398	0.77772071710602
1	0.321673955421579	0.678326044578421
1	0.618215832832388	0.381784167167612
1	0.112447719353385	0.887552280646615
1	0.703282736587998	0.296717263412002
1	0.246875877149156	0.753124122850844
1	0.345258679375986	0.654741320624013
1	0.136824472094139	0.863175527905861
1	0.431673811106014	0.568326188893986
1	0.213841707635511	0.786158292364489
1	0.345548512591322	0.654451487408678
1	0.647306411267267	0.352693588732733
1	0.126666420445274	0.873333579554726
1	0.055010775445562	0.944989224554438
1	0.109966236631431	0.890033763368569
1	0.630970440767406	0.369029559232594
1	0.191560527630144	0.808439472369855
1	0.14878873084732	0.85121126915268
1	0.0707157058498778	0.929284294150122
1	0.854453639510937	0.145546360489063
1	0.104647736568182	0.895352263431818
1	0.366984468231506	0.633015531768494
1	0.571015602923255	0.428984397076745
1	0.876847174852292	0.123152825147708
1	0.190084264003864	0.809915735996136
1	0.0993603430511216	0.900639656948878
1	0.224693411114421	0.775306588885578
1	0.449607039297688	0.550392960702312
1	0.145579944685386	0.854420055314614
1	0.830723022158676	0.169276977841324
1	0.801800406187451	0.198199593812549
1	0.641079952931318	0.358920047068682
1	0.646181132328145	0.353818867671855
1	0.155669164223548	0.844330835776453
1	0.126676046896861	0.873323953103139
1	0.828499288568418	0.171500711431582
1	0.534063128705296	0.465936871294704
1	0.385338773090588	0.614661226909412
1	0.210458314211983	0.789541685788017
1	0.480112817470216	0.519887182529784
1	0.24237354954918	0.75762645045082
1	0.329379278478789	0.670620721521211
1	0.126070954481411	0.873929045518589
1	0.239238658569908	0.760761341430092
1	0.171923835681049	0.828076164318951
1	0.11157503158589	0.88842496841411
1	0.307693912369647	0.692306087630353
1	0.282309175577112	0.717690824422888
1	0.166066663142988	0.833933336857012
1	0.129845501636356	0.870154498363644
1	0.306505403468631	0.693494596531369
1	0.442747563285717	0.557252436714284
1	0.24427712275568	0.75572287724432
1	0.203417369852155	0.796582630147845
1	0.352098129204341	0.647901870795659
1	0.101607626134964	0.898392373865036
1	0.512802188136612	0.487197811863388
1	0.249430538910968	0.750569461089032
1	0.829994562659622	0.170005437340379
1	0.816158870812594	0.183841129187406
1	0.145385217520031	0.854614782479969
1	0.653717281262199	0.346282718737801
1	0.251694684495906	0.748305315504094
1	0.0359158337840526	0.964084166215948
1	0.155398848923373	0.844601151076627
1	0.352020384650348	0.647979615349652
1	0.582207597403802	0.417792402596198
1	0.690477850444622	0.309522149555378
1	0.493922860157421	0.506077139842579
1	0.924862323320261	0.0751376766797384
1	0.137469162665165	0.862530837334835
1	0.151575095082355	0.848424904917645
1	0.170366173854654	0.829633826145346
1	0.0819762788997655	0.918023721100234
1	0.695513143203524	0.304486856796476
1	0.46166769192396	0.538332308076039
1	0.473585066167369	0.526414933832631
1	0.566212776949048	0.433787223050952
1	0.687076632219182	0.312923367780818
1	0.123739832380316	0.876260167619684
1	0.19536186636864	0.80463813363136
1	0.164241002656412	0.835758997343588
1	0.767337997564906	0.232662002435094
1	0.8106021290219	0.189397870978099
1	0.338851915809016	0.661148084190984
1	0.182910695380503	0.817089304619497
1	0.443952500207204	0.556047499792796
1	0.148543802034235	0.851456197965765
1	0.307773507675648	0.692226492324351
1	0.297890979300443	0.702109020699557
1	0.229082393600781	0.770917606399219
1	0.723941473193869	0.27605852680613
1	0.289299263299404	0.710700736700596
1	0.401219809959309	0.598780190040691
1	0.117345692438188	0.882654307561812
1	0.3273439618826	0.6726560381174
1	0.108227729464538	0.891772270535462
1	0.0990981659303937	0.900901834069606
1	0.84401482036096	0.15598517963904
1	0.0973101850020065	0.902689814997994
1	0.399358802838515	0.600641197161486
1	0.144995298391879	0.855004701608121
1	0.13766734845011	0.86233265154989
1	0.842665923460051	0.157334076539949
1	0.211687293900952	0.788312706099048
1	0.399804781533015	0.600195218466985
1	0.785066164548829	0.214933835451172
1	0.935011598054516	0.0649884019454838
1	0.101629075918535	0.898370924081465
1	0.174074880486509	0.825925119513491
1	0.437566165767334	0.562433834232666
1	0.174044014016998	0.825955985983002
1	0.135975840364817	0.864024159635183
1	0.582445981393171	0.417554018606829
1	0.517437825029984	0.482562174970016
1	0.564470608668265	0.435529391331735
1	0.393014799613939	0.606985200386061
1	0.516129026065652	0.483870973934348
1	0.318161734230185	0.681838265769815
1	0.615124518954035	0.384875481045966
1	0.514917541696004	0.485082458303996
1	0.429121074215348	0.570878925784652
1	0.304341802721354	0.695658197278646
1	0.19437029376357	0.80562970623643
1	0.0415100643569558	0.958489935643044
1	0.0871997529422488	0.912800247057751
1	0.19722021841099	0.80277978158901
1	0.917330537282723	0.0826694627172768
1	0.669108231497017	0.330891768502983
0	0.866643398374529	0.133356601625471
0	0.919453688962833	0.0805463110371671
0	0.378389709815101	0.621610290184899
0	0.608973684213936	0.391026315786064
0	0.936130734147949	0.0638692658520505
0	0.825699575026775	0.174300424973225
0	0.767700178072456	0.232299821927544
0	0.511509819413195	0.488490180586805
0	0.822934192953563	0.177065807046437
0	0.887679547717207	0.112320452282793
0	0.406177474968823	0.593822525031177
0	0.209661883502773	0.790338116497227
0	0.705516967193856	0.294483032806144
0	0.663096419154649	0.336903580845351
0	0.882310126080252	0.117689873919748
0	0.796594715948948	0.203405284051052
0	0.795439080657358	0.204560919342642
0	0.267022975468592	0.732977024531409
0	0.865705713439533	0.134294286560468
0	0.0817940348657985	0.918205965134202
0	0.73552551151046	0.26447448848954
0	0.769833569459088	0.230166430540912
0	0.636081345957578	0.363918654042421
0	0.235544673990236	0.764455326009764
0	0.87618715269483	0.12381284730517
0	0.922673810329056	0.0773261896709436
0	0.252125951446848	0.747874048553152
0	0.227734030177809	0.772265969822191
0	0.804093551561046	0.195906448438954
0	0.877075181387076	0.122924818612924
0	0.90085314683866	0.0991468531613396
0	0.457102159354324	0.542897840645676
0	0.753659348776125	0.246340651223875
0	0.87881478379418	0.121185216205821
0	0.852373011017933	0.147626988982067
0	0.195632471027343	0.804367528972657
0	0.231034136833093	0.768965863166907
0	0.839644274683897	0.160355725316103
0	0.922230443044918	0.0777695569550822
0	0.792866940929803	0.207133059070197
0	0.829440945215922	0.170559054784078
0	0.833100065777697	0.166899934222303
0	0.700764323991582	0.299235676008418
0	0.735023644143875	0.264976355856125
0	0.794664943435181	0.205335056564819
0	0.616646820122614	0.383353179877386
0	0.830970334200091	0.169029665799909
0	0.67702956263152	0.32297043736848
0	0.867289209140966	0.132710790859033
0	0.103085709096299	0.896914290903701
0	0.876257381339569	0.123742618660431
0	0.824134017531171	0.175865982468829
0	0.727549888195862	0.272450111804138
0	0.175348477164096	0.824651522835904
0	0.755606252943277	0.244393747056723
0	0.737225909124397	0.262774090875603
0	0.819161399255036	0.180838600744964
0	0.616485776216454	0.383514223783546
0	0.802806529685425	0.197193470314575
0	0.628967978711399	0.371032021288601
0	0.885344801737876	0.114655198262124
0	0.776189350069636	0.223810649930364
0	0.898932080673599	0.101067919326401
0	0.740477179167531	0.259522820832469
0	0.87954914116805	0.12045085883195
0	0.363385804010993	0.636614195989007
0	0.756722516449795	0.243277483550205
0	0.332548253296596	0.667451746703405
0	0.738927828972576	0.261072171027424
0	0.881966786477498	0.118033213522502
0	0.861935412905095	0.138064587094905
0	0.85005718779567	0.14994281220433
0	0.79663924164281	0.20336075835719
0	0.765604325771341	0.234395674228659
0	0.805902359495648	0.194097640504352
0	0.787778791956522	0.212221208043478
0	0.876125252071092	0.123874747928908
0	0.321755456306578	0.678244543693423
0	0.424631628773247	0.575368371226753
0	0.576179343029091	0.42382065697091
0	0.816249696745429	0.183750303254571
0	0.875840498875565	0.124159501124434
0	0.806840217323434	0.193159782676566
0	0.810931101130664	0.189068898869336
0	0.5219457069221	0.4780542930779
0	0.201177734636255	0.798822265363745
0	0.634516302355894	0.365483697644106
0	0.868225997051045	0.131774002948955
0	0.866531183722836	0.133468816277164
0	0.73549749409874	0.26450250590126
0	0.133601579698817	0.866398420301183
0	0.136361378807757	0.863638621192243
0	0.856481006054357	0.143518993945643
0	0.925134242877083	0.0748657571229175
0	0.707731479404872	0.292268520595128
0	0.532573789990861	0.467426210009139
0	0.911440635265236	0.0885593647347642
0	0.753204048172558	0.246795951827442
0	0.666202220817537	0.333797779182463
0	0.825069168122337	0.174930831877663
0	0.526403370386419	0.473596629613581
0	0.677904625047013	0.322095374952987
0	0.563808327200545	0.436191672799455
0	0.65044360093763	0.34955639906237
0	0.921260479070472	0.078739520929528
0	0.645776624351353	0.354223375648647
0	0.943217237492477	0.0567827625075231
0	0.652457610155756	0.347542389844244
0	0.507502465768487	0.492497534231513
0	0.81365825172111	0.186341748278889
0	0.908528493714557	0.091471506285443
0	0.322138764983817	0.677861235016183
0	0.84128757017213	0.15871242982787
0	0.62212665912111	0.37787334087889
0	0.663689973837249	0.336310026162751
0	0.876732825998728	0.123267174001272
0	0.877306758415395	0.122693241584605
0	0.842064576980614	0.157935423019386
0	0.908166485936113	0.0918335140638869
0	0.702218359780854	0.297781640219146
0	0.855595723776927	0.144404276223073
0	0.84359243603384	0.15640756396616
0	0.853859290921718	0.146140709078282
0	0.84655126309449	0.15344873690551
0	0.774991749046818	0.225008250953182
0	0.323752585969999	0.676247414030001
0	0.81714339490266	0.18285660509734
0	0.910641862400464	0.089358137599536
0	0.394005627408973	0.605994372591027
0	0.873775408953003	0.126224591046997
0	0.671275383366122	0.328724616633878
0	0.817929089017035	0.182070910982965
0	0.526390935237962	0.473609064762038
0	0.691372136456251	0.308627863543748
0	0.718895187712071	0.281104812287929
0	0.861526599817029	0.138473400182971
0	0.588460188560367	0.411539811439633
0	0.746622642360551	0.253377357639449
0	0.428509964744788	0.571490035255212
0	0.572861713113107	0.427138286886893
0	0.896194848457303	0.103805151542697
0	0.704044910185328	0.295955089814672
0	0.252693122484059	0.747306877515941
0	0.687128454774691	0.312871545225309
0	0.810775316753412	0.189224683246588
0	0.83736852655771	0.16263147344229
0	0.349217851775004	0.650782148224996
0	0.35329243912431	0.64670756087569
0	0.843442546672537	0.156557453327462
0	0.697588440716358	0.302411559283642
0	0.744417824112076	0.255582175887924
0	0.509509426461639	0.490490573538361
0	0.875486099194554	0.124513900805446
0	0.747663678243418	0.252336321756582
0	0.899348346801411	0.100651653198589
0	0.967645965602132	0.0323540343978678
0	0.773526829696511	0.226473170303489
0	0.865580024191407	0.134419975808593
0	0.200820433369451	0.799179566630549
0	0.786956039456042	0.213043960543958
0	0.931821726649488	0.0681782733505115
0	0.828500659116121	0.171499340883879
0	0.848007309911927	0.151992690088073
0	0.537740036638026	0.462259963361974
0	0.664327731877028	0.335672268122972
0	0.890236675046125	0.109763324953875
0	0.92558521267206	0.0744147873279405
0	0.769698975795508	0.230301024204492
0	0.657327965748413	0.342672034251587
0	0.0944445614703322	0.905555438529668
0	0.840311774937239	0.159688225062761
0	0.848408945769842	0.151591054230158
0	0.823272854294308	0.176727145705691
0	0.758465637228198	0.241534362771802
0	0.680579962390519	0.319420037609481
0	0.842568344429512	0.157431655570488
0	0.251414857473273	0.748585142526727
0	0.756877915315164	0.243122084684836
0	0.357156818307711	0.642843181692288
0	0.222328747355751	0.777671252644249
0	0.767384113922896	0.232615886077104
0	0.464728671698955	0.535271328301045
0	0.894891397096071	0.105108602903929
0	0.80812030154447	0.19187969845553
0	0.535892369864645	0.464107630135355
0	0.5	0.5
0	0.182591653679148	0.817408346320852
0	0.789206048062181	0.210793951937818
0	0.898785705595003	0.101214294404997
0	0.910763779947753	0.0892362200522471
0	0.451781394252711	0.54821860574729
0	0.828396153292802	0.171603846707198
0	0.592587965804839	0.407412034195161
0	0.869611306816699	0.130388693183301
0	0.337056667819179	0.662943332180821
0	0.804962659339045	0.195037340660956
0	0.839430914181804	0.160569085818195
0	0.140064450993572	0.859935549006429
0	0.944770887077087	0.0552291129229129
0	0.727962486214577	0.272037513785423
0	0.856362310926506	0.143637689073494
0	0.440220753182779	0.559779246817221
0	0.797782024347534	0.202217975652466
0	0.38624210064918	0.61375789935082
0	0.645320733847072	0.354679266152928
0	0.846515684164928	0.153484315835072
0	0.594137731185071	0.405862268814929
0	0.652368366465098	0.347631633534902
0	0.760030434680361	0.239969565319639
0	0.857688703416292	0.142311296583708
0	0.787633070525928	0.212366929474072
0	0.892139548071926	0.107860451928073
0	0.840932096121763	0.159067903878237
0	0.764923094574967	0.235076905425032
0	0.900547557616959	0.0994524423830408
0	0.914582379733329	0.085417620266671
0	0.830678202926193	0.169321797073807
0	0.605132009463016	0.394867990536984
0	0.492882398305024	0.507117601694976
0	0.893707727860246	0.106292272139754
0	0.830235569401679	0.169764430598321
0	0.651256659560088	0.348743340439912
0	0.892398902959269	0.10760109704073
0	0.369889435470195	0.630110564529805
0	0.329441964619638	0.670558035380363
0	0.195993169325451	0.804006830674549
0	0.820505360161003	0.179494639838997
0	0.680352740011099	0.319647259988901
0	0.253238122813042	0.746761877186958
0	0.851587919368445	0.148412080631555
0	0.894404316047976	0.105595683952024
0	0.871627022745559	0.128372977254441
0	0.449506211934996	0.550493788065004
0	0.767953900209819	0.232046099790181
0	0.798867051766814	0.201132948233186
0	0.925773128102999	0.0742268718970008
0	0.893619806235956	0.106380193764044
0	0.264837648018921	0.735162351981079
0	0.852133691370125	0.147866308629875
0	0.851930699608307	0.148069300391693
0	0.928744361529884	0.0712556384701164
0	0.552239696820313	0.447760303179687
0	0.765796871388449	0.234203128611551
0	0.847036361061256	0.152963638938743
0	0.782565779289571	0.217434220710429
0	0.859367676524126	0.140632323475874
0	0.837038489066348	0.162961510933652
0	0.266016071772506	0.733983928227494
0	0.653177905696103	0.346822094303897
0	0.863276133949163	0.136723866050837
0	0.817095951591174	0.182904048408826
0	0.829132567462951	0.170867432537049
0	0.824698006100381	0.175301993899619
0	0.307867050879119	0.692132949120881
0	0.793215156892256	0.206784843107744
0	0.187719943512182	0.812280056487818
0	0.616160676819826	0.383839323180174
0	0.470413274455025	0.529586725544975
0	0.374700552425903	0.625299447574097
0	0.522571528617123	0.477428471382877
0	0.881173161262759	0.118826838737241
0	0.409076028385205	0.590923971614796
0	0.412120721134729	0.587879278865271
0	0.92340826714358	0.0765917328564203
0	0.540701285227763	0.459298714772237
0	0.895681704750596	0.104318295249404
0	0.739078019588884	0.260921980411116
0	0.204575136882235	0.795424863117765
0	0.0757515885882217	0.924248411411778
